0 97 Car 0 0 -0.7101844970708662 0 0 0 0 2.0011305809 1.53736162186 4.53833341599 18.671218872070312 -16.495108127593994 0.03978992276825011 -4.69475485923 
1 97 Car 0 0 -0.7101844970708662 0 0 0 0 2.0011305809 1.53736162186 4.53833341599 18.671218872070312 -16.495108127593994 0.03978992276825011 -4.69475485923 
2 97 Car 0 0 -0.7101844970708662 0 0 0 0 2.0011305809 1.53736162186 4.53833341599 18.671218872070312 -16.495108127593994 0.03978992276825011 -4.69475485923 
3 97 Car 0 0 -0.7101844970708662 0 0 0 0 2.0011305809 1.53736162186 4.53833341599 18.671218872070312 -16.495108127593994 0.03978992276825011 -4.69475485923 
4 97 Car 0 0 -0.7101844970708662 0 0 0 0 2.0011305809 1.53736162186 4.53833341599 18.671218872070312 -16.495108127593994 0.03978992276825011 -4.69475485923 
5 97 Car 0 0 -0.7101844970708662 0 0 0 0 2.0011305809 1.53736162186 4.53833341599 18.671218872070312 -16.495108127593994 0.03978992276825011 -4.69475485923 
6 97 Car 0 0 -0.7101844970708662 0 0 0 0 2.0011305809 1.53736162186 4.53833341599 18.671218872070312 -16.495108127593994 0.03978992276825011 -4.69475485923 
7 97 Car 0 0 -0.7101844970708662 0 0 0 0 2.0011305809 1.53736162186 4.53833341599 18.671218872070312 -16.495108127593994 0.03978992276825011 -4.69475485923 
8 97 Car 0 0 -0.7101844970708662 0 0 0 0 2.0011305809 1.53736162186 4.53833341599 18.671218872070312 -16.495108127593994 0.03978992276825011 -4.69475485923 
9 97 Car 0 0 -0.7101844970708662 0 0 0 0 2.0011305809 1.53736162186 4.53833341599 18.671218872070312 -16.495108127593994 0.03978992276825011 -4.69475485923 
10 97 Car 0 0 -0.7101844970708662 0 0 0 0 2.0011305809 1.53736162186 4.53833341599 18.671218872070312 -16.495108127593994 0.03978992276825011 -4.69475485923 
11 97 Car 0 0 -0.7101844970708662 0 0 0 0 2.0011305809 1.53736162186 4.53833341599 18.671218872070312 -16.495108127593994 0.03978992276825011 -4.69475485923 
12 97 Car 0 0 -0.7101844970708662 0 0 0 0 2.0011305809 1.53736162186 4.53833341599 18.671218872070312 -16.495108127593994 0.03978992276825011 -4.69475485923 
13 97 Car 0 0 -0.7101844970708662 0 0 0 0 2.0011305809 1.53736162186 4.53833341599 18.671218872070312 -16.495108127593994 0.03978992276825011 -4.69475485923 
14 97 Car 0 0 -0.7101844970708662 0 0 0 0 2.0011305809 1.53736162186 4.53833341599 18.671218872070312 -16.495108127593994 0.03978992276825011 -4.69475485923 
15 97 Car 0 0 -0.7101844970708662 0 0 0 0 2.0011305809 1.53736162186 4.53833341599 18.671218872070312 -16.495108127593994 0.03978992276825011 -4.69475485923 
16 97 Car 0 0 -0.7101844970708662 0 0 0 0 2.0011305809 1.53736162186 4.53833341599 18.671218872070312 -16.495108127593994 0.03978992276825011 -4.69475485923 
17 97 Car 0 0 -0.7101844970708662 0 0 0 0 2.0011305809 1.53736162186 4.53833341599 18.671218872070312 -16.495108127593994 0.03978992276825011 -4.69475485923 
18 97 Car 0 0 -0.7101844970708662 0 0 0 0 2.0011305809 1.53736162186 4.53833341599 18.671218872070312 -16.495108127593994 0.03978992276825011 -4.69475485923 
19 97 Car 0 0 -0.7101844970708662 0 0 0 0 2.0011305809 1.53736162186 4.53833341599 18.671218872070312 -16.495108127593994 0.03978992276825011 -4.69475485923 
20 97 Car 0 0 -0.7101844970708662 0 0 0 0 2.0011305809 1.53736162186 4.53833341599 18.671218872070312 -16.495108127593994 0.03978992276825011 -4.69475485923 
21 97 Car 0 0 -0.7101844970708662 0 0 0 0 2.0011305809 1.53736162186 4.53833341599 18.671218872070312 -16.495108127593994 0.03978992276825011 -4.69475485923 
22 97 Car 0 0 -0.7101844970708662 0 0 0 0 2.0011305809 1.53736162186 4.53833341599 18.671218872070312 -16.495108127593994 0.03978992276825011 -4.69475485923 
23 97 Car 0 0 -0.7101844970708662 0 0 0 0 2.0011305809 1.53736162186 4.53833341599 18.671218872070312 -16.495108127593994 0.03978992276825011 -4.69475485923 
24 97 Car 0 0 -0.7101844970708662 0 0 0 0 2.0011305809 1.53736162186 4.53833341599 18.671218872070312 -16.495108127593994 0.03978992276825011 -4.69475485923 
25 97 Car 0 0 -0.7101844970708662 0 0 0 0 2.0011305809 1.53736162186 4.53833341599 18.671218872070312 -16.495108127593994 0.03978992276825011 -4.69475485923 
26 97 Car 0 0 -0.7101844970708662 0 0 0 0 2.0011305809 1.53736162186 4.53833341599 18.671218872070312 -16.495108127593994 0.03978992276825011 -4.69475485923 
27 97 Car 0 0 -0.7101844970708662 0 0 0 0 2.0011305809 1.53736162186 4.53833341599 18.671218872070312 -16.495108127593994 0.03978992276825011 -4.69475485923 
28 97 Car 0 0 -0.7101844970708662 0 0 0 0 2.0011305809 1.53736162186 4.53833341599 18.671218872070312 -16.495108127593994 0.03978992276825011 -4.69475485923 
29 97 Car 0 0 -0.7101844970708662 0 0 0 0 2.0011305809 1.53736162186 4.53833341599 18.671218872070312 -16.495108127593994 0.03978992276825011 -4.69475485923 
30 97 Car 0 0 -0.7101844970708662 0 0 0 0 2.0011305809 1.53736162186 4.53833341599 18.671218872070312 -16.495108127593994 0.03978992276825011 -4.69475485923 
31 97 Car 0 0 -0.7101844970708662 0 0 0 0 2.0011305809 1.53736162186 4.53833341599 18.671218872070312 -16.495108127593994 0.03978992276825011 -4.69475485923 
32 97 Car 0 0 -0.7101844970708662 0 0 0 0 2.0011305809 1.53736162186 4.53833341599 18.671218872070312 -16.495108127593994 0.03978992276825011 -4.69475485923 
33 97 Car 0 0 -0.7101844970708662 0 0 0 0 2.0011305809 1.53736162186 4.53833341599 18.671218872070312 -16.495108127593994 0.03978992276825011 -4.69475485923 
34 97 Car 0 0 -0.7101844970708662 0 0 0 0 2.0011305809 1.53736162186 4.53833341599 18.671218872070312 -16.495108127593994 0.03978992276825011 -4.69475485923 
35 97 Car 0 0 -0.7101844970708662 0 0 0 0 2.0011305809 1.53736162186 4.53833341599 18.671218872070312 -16.495108127593994 0.03978992276825011 -4.69475485923 
36 97 Car 0 0 -0.7101844970708662 0 0 0 0 2.0011305809 1.53736162186 4.53833341599 18.671218872070312 -16.495108127593994 0.03978992276825011 -4.69475485923 
37 97 Car 0 0 -0.7101844970708662 0 0 0 0 2.0011305809 1.53736162186 4.53833341599 18.671218872070312 -16.495108127593994 0.03978992276825011 -4.69475485923 
38 97 Car 0 0 -0.7101844970708662 0 0 0 0 2.0011305809 1.53736162186 4.53833341599 18.671218872070312 -16.495108127593994 0.03978992276825011 -4.69475485923 
39 97 Car 0 0 -0.7101844970708662 0 0 0 0 2.0011305809 1.53736162186 4.53833341599 18.671218872070312 -16.495108127593994 0.03978992276825011 -4.69475485923 
40 97 Car 0 0 -0.7101862183032082 0 0 0 0 2.0011305809 1.53736162186 4.53833341599 18.671218872070312 -16.49516534805298 0.03926296182908118 -4.69475485923 
41 97 Car 0 0 -0.710160046345711 0 0 0 0 2.0011305809 1.53736162186 4.53833341599 18.671218872070312 -16.494242191314697 0.03896442451514304 -4.69475645712 
42 97 Car 0 0 -0.7097389387193442 0 0 0 0 2.0011305809 1.53736162186 4.53833341599 18.6712646484375 -16.48795175552368 0.038703192258253694 -4.69452582737 
43 97 Car 0 0 -0.7098295335104159 0 0 0 0 2.0011305809 1.53736162186 4.53833341599 18.671066284179688 -16.48355722427368 0.038687322521582246 -4.69474340763 
44 97 Car 0 0 -0.7093670697050429 0 0 0 0 2.0011305809 1.53736162186 4.53833341599 18.67095947265625 -16.471048831939697 0.038531415397301316 -4.69465472437 
45 97 Car 0 0 -0.7084782308197513 0 0 0 0 2.0011305809 1.53736162186 4.53833341599 18.670547485351562 -16.44093370437622 0.03815364860929549 -4.69466271385 
46 97 Car 0 0 -0.7071534908428161 0 0 0 0 2.0011305809 1.53736162186 4.53833341599 18.669937133789062 -16.396280765533447 0.03774349042214453 -4.69467043702 
47 97 Car 0 0 -0.7054370452942509 0 0 0 0 2.0011305809 1.53736162186 4.53833341599 18.669143676757812 -16.338646411895752 0.03737674676813185 -4.6946784265 
48 97 Car 0 0 -0.7033495924632658 0 0 0 0 2.0011305809 1.53736162186 4.53833341599 18.668212890625 -16.268869876861572 0.03707828395999968 -4.6946866823 
49 97 Car 0 0 -0.70090311121192 0 0 0 0 2.0011305809 1.53736162186 4.53833341599 18.667098999023438 -16.187429904937744 0.03684993484057486 -4.69469547073 
50 97 Car 0 0 -0.6980998893802504 0 0 0 0 2.0011305809 1.53736162186 4.53833341599 18.665847778320312 -16.094601154327393 0.03668281459249556 -4.69470452548 
51 97 Car 0 0 -0.6949411321893768 0 0 0 0 2.0011305809 1.53736162186 4.53833341599 18.6644287109375 -15.990540027618406 0.03656566538847983 -4.69471464549 
52 97 Car 0 0 -0.6914223347090207 0 0 0 0 2.0011305809 1.53736162186 4.53833341599 18.662872314453125 -15.875332355499266 0.036486815894022584 -4.69472529814 
53 97 Car 0 0 -0.6875384376618503 0 0 0 0 2.0011305809 1.53736162186 4.53833341599 18.661178588867188 -15.749014377593992 0.03643573843874037 -4.69473674973 
54 97 Car 0 0 -0.683283338249915 0 0 0 0 2.0011305809 1.53736162186 4.53833341599 18.659317016601562 -15.611601352691649 0.03640437894500792 -4.69474873396 
55 97 Car 0 0 -0.6786492906987442 0 0 0 0 2.0011305809 1.53736162186 4.53833341599 18.657318115234375 -15.463112354278563 0.036386300111189485 -4.69476151713 
56 97 Car 0 0 -0.6682145940544242 0 0 0 0 2.0011305809 1.53736162186 4.53833341599 18.652877807617188 -15.13305330276489 0.03637611144222319 -4.69478894769 
57 97 Car 0 0 -0.6623976391063882 0 0 0 0 2.0011305809 1.53736162186 4.53833341599 18.65045166015625 -14.951582431793211 0.03637901344336569 -4.69480359507 
58 97 Car 0 0 -0.6561698841440031 0 0 0 0 2.0011305809 1.53736162186 4.53833341599 18.647872924804688 -14.759228229522703 0.036385230952873826 -4.69481877509 
59 97 Car 0 0 -0.6495223656015034 0 0 0 0 2.0011305809 1.53736162186 4.53833341599 18.6451416015625 -14.55605363845825 0.03639369853772223 -4.69483475406 
60 97 Car 0 0 -0.6424443042712293 0 0 0 0 2.0011305809 1.53736162186 4.53833341599 18.642288208007812 -14.342127323150633 0.03640445717610419 -4.69485126566 
61 97 Car 0 0 -0.6349260978047582 0 0 0 0 2.0011305809 1.53736162186 4.53833341599 18.6392822265625 -14.117517948150633 0.03641624399460852 -4.69486830989 
62 97 Car 0 0 -0.6217342027483124 0 0 0 0 2.0011305809 1.53736162186 4.53833341599 18.638992309570312 -13.63726758956909 0.036455955589190125 -4.6982459971 
63 97 Car 0 0 -0.6201821719088487 0 0 0 0 2.0011305809 1.53736162186 4.53833341599 18.648590087890625 -13.382879734039305 0.03693931573070586 -4.70588527469 
64 97 Car 0 0 5.663294151052147 0 0 0 0 2.0011305809 1.53736162186 4.53833341599 18.66156005859375 -13.119396686553953 0.037336196983233094 1.56787537171 
65 97 Car 0 0 5.6600004591392175 0 0 0 0 2.0011305809 1.53736162186 4.53833341599 18.683990478515625 -12.850841045379637 0.037597388261929154 1.55432440914 
66 97 Car 0 0 5.652719106061276 0 0 0 0 2.0011305809 1.53736162186 4.53833341599 18.715591430664062 -12.580153942108153 0.037827603751793504 1.53635872442 
67 97 Car 0 0 5.644014283495709 0 0 0 0 2.0011305809 1.53736162186 4.53833341599 18.752899169921875 -12.31024408340454 0.03810367383994162 1.51674001562 
68 97 Car 0 0 5.6351596780417115 0 0 0 0 2.0011305809 1.53736162186 4.53833341599 18.7952880859375 -12.041400432586668 0.03838504874147475 1.49677456324 
69 97 Car 0 0 5.6231299226672995 0 0 0 0 2.0011305809 1.53736162186 4.53833341599 18.847671508789062 -11.780123233795164 0.03877727338112891 1.47357496804 
70 97 Car 0 0 5.608177408082598 0 0 0 0 2.0011305809 1.53736162186 4.53833341599 18.9100341796875 -11.525723934173582 0.03915939130820334 1.44738837136 
71 97 Car 0 0 5.588815887472097 0 0 0 0 2.0011305809 1.53736162186 4.53833341599 18.9820556640625 -11.28277540206909 0.0396073127631098 1.41693459166 
72 97 Car 0 0 5.566489621268954 0 0 0 0 2.0011305809 1.53736162186 4.53833341599 19.065933227539062 -11.04726457595825 0.03938064374960959 1.38347570099 
73 97 Car 0 0 5.5426445581198 0 0 0 0 2.0011305809 1.53736162186 4.53833341599 19.15997314453125 -10.815082073211668 0.0392820353154093 1.34835659569 
74 97 Car 0 0 5.518222269845656 0 0 0 0 2.0011305809 1.53736162186 4.53833341599 19.263153076171875 -10.585443019866942 0.03924396284855902 1.3125282906 
75 97 Car 0 0 5.491070342992962 0 0 0 0 2.0011305809 1.53736162186 4.53833341599 19.377349853515625 -10.363973140716551 0.039334561908617616 1.27404081916 
76 97 Car 0 0 5.436072983115448 0 0 0 0 2.0011305809 1.53736162186 4.53833341599 19.625579833984375 -9.945785999298094 0.039651412749662995 1.1969604151 
77 97 Car 0 0 5.425338251837492 0 0 0 0 2.0011305809 1.53736162186 4.53833341599 19.736557006835938 -9.73224115371704 0.03973014676012099 1.17528974068 
78 97 Car 0 0 5.427468193089131 0 0 0 0 2.0011305809 1.53736162186 4.53833341599 19.834182739257812 -9.51799154281616 0.03985553630627692 1.16672235145 
79 97 Car 0 0 5.4319128853172565 0 0 0 0 2.0011305809 1.53736162186 4.53833341599 19.931640625 -9.310887813568113 0.04000602685846388 1.16076272956 
80 97 Car 0 0 5.438495865542028 0 0 0 0 2.0011305809 1.53736162186 4.53833341599 20.024169921875 -9.10941171646118 0.040164374047890306 1.15726759695 
81 97 Car 0 0 5.447192659429724 0 0 0 0 2.0011305809 1.53736162186 4.53833341599 20.111770629882812 -8.913736820220945 0.04031699919141829 1.15621884411 
82 97 Car 0 0 5.4563438856130375 0 0 0 0 2.0011305809 1.53736162186 4.53833341599 20.196395874023438 -8.724039554595945 0.040439490461722016 1.15592829323 
83 97 Car 0 0 5.465491346758359 0 0 0 0 2.0011305809 1.53736162186 4.53833341599 20.279006958007812 -8.538728237152098 0.040498391026631 1.15585532262 
84 97 Car 0 0 5.4746052548922695 0 0 0 0 2.0011305809 1.53736162186 4.53833341599 20.36083984375 -8.355123043060301 0.04045753204263747 1.15583747944 
85 97 Car 0 0 5.48378305823061 0 0 0 0 2.0011305809 1.53736162186 4.53833341599 20.44316864013672 -8.170341968536375 0.04030307778157294 1.15583055522 
86 97 Car 0 0 5.493117063079529 0 0 0 0 2.0011305809 1.53736162186 4.53833341599 20.526954650878906 -7.982281208038329 0.04005336784757674 1.155823631 
87 97 Car 0 0 5.502667451400731 0 0 0 0 2.0011305809 1.53736162186 4.53833341599 20.612762451171875 -7.789695262908935 0.03974544280208647 1.1558169731 
88 97 Car 0 0 5.5091931571079105 0 0 0 0 2.0011305809 1.53736162186 4.53833341599 20.70537567138672 -7.5958895683288565 0.039451521122828126 1.15263795771 
89 97 Car 0 0 5.512123846131891 0 0 0 0 2.0011305809 1.53736162186 4.53833341599 20.80365753173828 -7.403005123138427 0.03923419886268675 1.1458349127 
90 97 Car 0 0 5.51389847769239 0 0 0 0 2.0011305809 1.53736162186 4.53833341599 20.903770446777344 -7.211596965789794 0.039118424290791154 1.13793650954 
91 97 Car 0 0 5.512358653289766 0 0 0 0 2.0011305809 1.53736162186 4.53833341599 21.008399963378906 -7.026468753814696 0.03912868374027312 1.12695603005 
92 97 Car 0 0 5.507363353032854 0 0 0 0 2.0011305809 1.53736162186 4.53833341599 21.11638641357422 -6.849132061004638 0.039236907148733735 1.11284180891 
93 97 Car 0 0 5.501362406791081 0 0 0 0 2.0011305809 1.53736162186 4.53833341599 21.224754333496094 -6.678365230560302 0.03939815261401236 1.09803782904 
94 97 Car 0 0 5.492466467907542 0 0 0 0 2.0011305809 1.53736162186 4.53833341599 21.335716247558594 -6.517769336700439 0.03962101065553725 1.08078214307 
95 97 Car 0 0 5.48071364855476 0 0 0 0 2.0011305809 1.53736162186 4.53833341599 21.448226928710938 -6.367751598358153 0.03986869775690138 1.0611474553 
96 97 Car 0 0 5.468398127271591 0 0 0 0 2.0011305809 1.53736162186 4.53833341599 21.560043334960938 -6.226055145263671 0.040099028730764985 1.04136070104 
97 97 Car 0 0 5.453731141413282 0 0 0 0 2.0011305809 1.53736162186 4.53833341599 21.672637939453125 -6.095785617828368 0.040343702072277665 1.01974701826 
98 97 Car 0 0 5.436896223237763 0 0 0 0 2.0011305809 1.53736162186 4.53833341599 21.785110473632812 -5.976676464080809 0.04057262488640845 0.99648830088 
99 97 Car 0 0 5.4176951272044205 0 0 0 0 2.0011305809 1.53736162186 4.53833341599 21.897247314453125 -5.869627475738524 0.0407987202052027 0.971424759229 
100 97 Car 0 0 5.396780097134133 0 0 0 0 2.0011305809 1.53736162186 4.53833341599 22.008163452148438 -5.773707389831541 0.040992126101627946 0.945175578261 
101 97 Car 0 0 5.376121557441879 0 0 0 0 2.0011305809 1.53736162186 4.53833341599 22.116790771484375 -5.685709953308104 0.04111934476532042 0.919582600186 
102 97 Car 0 0 5.354023778689857 0 0 0 0 2.0011305809 1.53736162186 4.53833341599 22.223419189453125 -5.608347892761229 0.04124538251198828 0.893057515728 
103 97 Car 0 0 5.3308885704576205 0 0 0 0 2.0011305809 1.53736162186 4.53833341599 22.327407836914062 -5.540736198425291 0.04134273552335799 0.86596650954 
104 97 Car 0 0 5.308352917134862 0 0 0 0 2.0011305809 1.53736162186 4.53833341599 22.42835235595703 -5.479709625244139 0.041378975147381425 0.839812403422 
105 97 Car 0 0 5.260646161142693 0 0 0 0 2.0011305809 1.53736162186 4.53833341599 22.620040893554688 -5.384288787841795 0.041452292585745454 0.78616249063 
106 97 Car 0 0 5.237335970245614 0 0 0 0 2.0011305809 1.53736162186 4.53833341599 22.710586547851562 -5.3458046913146955 0.0414243305567652 0.760349002816 
107 97 Car 0 0 5.214974448517346 0 0 0 0 2.0011305809 1.53736162186 4.53833341599 22.797698974609375 -5.311610698699949 0.04135765158571303 0.73571289852 
108 97 Car 0 0 5.193536477045761 0 0 0 0 2.0011305809 1.53736162186 4.53833341599 22.88141632080078 -5.2812294960021955 0.04126644157804549 0.712205974527 
109 97 Car 0 0 5.172991711800266 0 0 0 0 2.0011305809 1.53736162186 4.53833341599 22.9617919921875 -5.25427198410034 0.04116138466633856 0.689778696039 
110 97 Car 0 0 5.1533083159064486 0 0 0 0 2.0011305809 1.53736162186 4.53833341599 23.03888702392578 -5.230398178100584 0.04104953655041754 0.668382327209 
111 97 Car 0 0 5.134455866306812 0 0 0 0 2.0011305809 1.53736162186 4.53833341599 23.11278533935547 -5.2092995643615705 0.040936202043667436 0.647970928508 
112 97 Car 0 0 5.119725393702581 0 0 0 0 2.0011305809 1.53736162186 4.53833341599 23.184417724609375 -5.184604644775389 0.04073364310897887 0.631563459348 
113 97 Car 0 0 5.109555256824991 0 0 0 0 2.0011305809 1.53736162186 4.53833341599 23.251922607421875 -5.156395912170408 0.040548630291596055 0.619618915543 
114 97 Car 0 0 5.101014288090639 0 0 0 0 2.0011305809 1.53736162186 4.53833341599 23.31402587890625 -5.130632877349852 0.04046142497099936 0.609461086513 
115 97 Car 0 0 5.092810200334515 0 0 0 0 2.0011305809 1.53736162186 4.53833341599 23.37236785888672 -5.106634616851805 0.040392264956608415 0.59975319855 
116 97 Car 0 0 5.084708932497408 0 0 0 0 2.0011305809 1.53736162186 4.53833341599 23.432266235351562 -5.082859516143797 0.0402244555298239 0.590149972817 
117 97 Car 0 0 5.075616504256234 0 0 0 0 2.0011305809 1.53736162186 4.53833341599 23.49980926513672 -5.056596279144285 0.03988864668644965 0.579394130964 
118 97 Car 0 0 5.065574668188672 0 0 0 0 2.0011305809 1.53736162186 4.53833341599 23.5762939453125 -5.027397632598875 0.0394651407841593 0.567500719852 
119 97 Car 0 0 5.054628373621755 0 0 0 0 2.0011305809 1.53736162186 4.53833341599 23.662071228027344 -4.995315551757811 0.039021034026518464 0.554517276906 
120 97 Car 0 0 5.042835678304701 0 0 0 0 2.0011305809 1.53736162186 4.53833341599 23.757461547851562 -4.960451602935789 0.03859653347171843 0.540507185359 
121 97 Car 0 0 5.030261780199595 0 0 0 0 2.0011305809 1.53736162186 4.53833341599 23.862747192382812 -4.922939300537108 0.03821262368001044 0.525543016352 
122 97 Car 0 0 5.016981172734891 0 0 0 0 2.0011305809 1.53736162186 4.53833341599 23.97815704345703 -4.882941722869871 0.03787853219546378 0.509708659459 
123 97 Car 0 0 5.0030748259341244 0 0 0 0 2.0011305809 1.53736162186 4.53833341599 24.103927612304688 -4.840646266937254 0.03759521269239485 0.493095727421 
124 97 Car 0 0 4.988628845787922 0 0 0 0 2.0011305809 1.53736162186 4.53833341599 24.240264892578125 -4.796265125274656 0.03736049705184996 0.475802490882 
125 97 Car 0 0 4.973734213775568 0 0 0 0 2.0011305809 1.53736162186 4.53833341599 24.38733673095703 -4.750039100646971 0.03716899850405753 0.457933745232 
126 97 Car 0 0 4.958482585764695 0 0 0 0 2.0011305809 1.53736162186 4.53833341599 24.545257568359375 -4.7022290229797346 0.037016220623627305 0.439596283231 
127 97 Car 0 0 4.942968324447525 0 0 0 0 2.0011305809 1.53736162186 4.53833341599 24.714134216308594 -4.65311288833618 0.03689605765976012 0.420900359746 
128 97 Car 0 0 4.927278756315862 0 0 0 0 2.0011305809 1.53736162186 4.53833341599 24.894027709960938 -4.602981567382811 0.036803398514166474 0.401949971219 
129 97 Car 0 0 4.891862752269895 0 0 0 0 2.0011305809 1.53736162186 4.53833341599 25.286964416503906 -4.507228851318358 0.036713179433718324 0.36008667678 
130 97 Car 0 0 4.873576262643715 0 0 0 0 2.0011305809 1.53736162186 4.53833341599 25.5001220703125 -4.460289478302 0.036683652782812715 0.338570199385 
131 97 Car 0 0 4.855446326079686 0 0 0 0 2.0011305809 1.53736162186 4.53833341599 25.724464416503906 -4.413947105407713 0.03665992640890181 0.317210315862 
132 97 Car 0 0 4.837625841461518 0 0 0 0 2.0011305809 1.53736162186 4.53833341599 25.959991455078125 -4.368423938751219 0.036642380291596055 0.296172408515 
133 97 Car 0 0 4.820217887000677 0 0 0 0 2.0011305809 1.53736162186 4.53833341599 26.206642150878906 -4.323958396911619 0.03662952431477606 0.275572591167 
134 97 Car 0 0 4.803413355006881 0 0 0 0 2.0011305809 1.53736162186 4.53833341599 26.464385986328125 -4.280611038208006 0.0372109601739794 0.255607538265 
135 97 Car 0 0 4.78716176066588 0 0 0 0 2.0011305809 1.53736162186 4.53833341599 26.733055114746094 -4.238712310791014 0.03746280469931662 0.23624289503 
136 97 Car 0 0 4.771642799288803 0 0 0 0 2.0011305809 1.53736162186 4.53833341599 27.010276794433594 -4.198629856109617 0.037601623916998506 0.217687453293 
137 97 Car 0 0 4.756632742599615 0 0 0 0 2.0011305809 1.53736162186 4.53833341599 27.288528442382812 -4.162068367004393 0.03783008479513228 0.19982030554 
138 97 Car 0 0 4.742848678287672 0 0 0 0 2.0011305809 1.53736162186 4.53833341599 27.566162109375 -4.129028320312498 0.038121946388855577 0.183362635794 
139 97 Car 0 0 4.7295994386086795 0 0 0 0 2.0011305809 1.53736162186 4.53833341599 27.845176696777344 -4.098770141601561 0.03837535926140845 0.16758167528 
140 97 Car 0 0 4.706374839303869 0 0 0 0 2.0011305809 1.53736162186 4.53833341599 28.402671813964844 -4.046690940856932 0.03883266472257674 0.139731268706 
141 97 Car 0 0 4.696337036038701 0 0 0 0 2.0011305809 1.53736162186 4.53833341599 28.681015014648438 -4.024552822113035 0.03902881615795195 0.127581128865 
142 97 Car 0 0 4.686628604897442 0 0 0 0 2.0011305809 1.53736162186 4.53833341599 28.960777282714844 -4.004421234130858 0.03915061824955046 0.11586108954 
143 97 Car 0 0 4.67833177247992 0 0 0 0 2.0011305809 1.53736162186 4.53833341599 29.239242553710938 -3.986382007598875 0.03928443812765181 0.105666242571 
144 97 Car 0 0 4.670418660704715 0 0 0 0 2.0011305809 1.53736162186 4.53833341599 29.519073486328125 -3.9697771072387678 0.03935150080360472 0.0959315898385 
145 97 Car 0 0 4.663729434798388 0 0 0 0 2.0011305809 1.53736162186 4.53833341599 29.79749298095703 -3.9550981521606428 0.03944103070534766 0.0875238571191 
146 97 Car 0 0 4.657040236938202 0 0 0 0 2.0011305809 1.53736162186 4.53833341599 30.085403442382812 -3.9414286613464338 0.0392757395748049 0.0791395602172 
147 97 Car 0 0 4.651099049147038 0 0 0 0 2.0011305809 1.53736162186 4.53833341599 30.388145446777344 -3.928898334503172 0.03889884823001921 0.0715094705361 
148 97 Car 0 0 4.645094052355507 0 0 0 0 2.0011305809 1.53736162186 4.53833341599 30.70404815673828 -3.9170184135436994 0.03848503180779517 0.0638151986727 
149 97 Car 0 0 4.639868063028601 0 0 0 0 2.0011305809 1.53736162186 4.53833341599 31.03154754638672 -3.906378746032713 0.038123473757877946 0.0569266661971 
150 97 Car 0 0 4.631125913941512 0 0 0 0 2.0011305809 1.53736162186 4.53833341599 31.71501922607422 -3.88690137863159 0.037685889983549714 0.0449080865137 
151 97 Car 0 0 4.62755174117184 0 0 0 0 2.0011305809 1.53736162186 4.53833341599 32.06829071044922 -3.878363132476805 0.037609517807140946 0.0397411545248 
152 97 Car 0 0 4.62472216460251 0 0 0 0 2.0011305809 1.53736162186 4.53833341599 32.427757263183594 -3.8708620071411115 0.0376081841532141 0.0353619855863 
153 97 Car 0 0 4.622112422603908 0 0 0 0 2.0011305809 1.53736162186 4.53833341599 32.79241180419922 -3.8640875816345193 0.03766544186510146 0.0312395453769 
154 97 Car 0 0 4.620093980277667 0 0 0 0 2.0011305809 1.53736162186 4.53833341599 33.161521911621094 -3.8582587242126443 0.03776225843466818 0.0277538669842 
155 97 Car 0 0 4.618421672450458 0 0 0 0 2.0011305809 1.53736162186 4.53833341599 33.53441619873047 -3.8527498245239236 0.037885170662775636 0.0246427621987 
156 97 Car 0 0 4.6173911969410515 0 0 0 0 2.0011305809 1.53736162186 4.53833341599 33.91059875488281 -3.847800254821775 0.038020324194803834 0.022210097701 
157 97 Car 0 0 4.616558147572216 0 0 0 0 2.0011305809 1.53736162186 4.53833341599 34.289581298828125 -3.843231678009031 0.03815971338190138 0.0200071308473 
158 97 Car 0 0 4.6161463032432755 0 0 0 0 2.0011305809 1.53736162186 4.53833341599 34.67108917236328 -3.8391947746276833 0.03829574608244002 0.018262094543 
159 97 Car 0 0 4.615816649445068 0 0 0 0 2.0011305809 1.53736162186 4.53833341599 35.054779052734375 -3.835470676422117 0.03842471935786307 0.0166299762689 
160 97 Car 0 0 4.615885036231864 0 0 0 0 2.0011305809 1.53736162186 4.53833341599 35.440467834472656 -3.8320136070251443 0.03854328044690192 0.0154251621918 
161 97 Car 0 0 4.616056971954584 0 0 0 0 2.0011305809 1.53736162186 4.53833341599 35.82795715332031 -3.8286719322204568 0.038650971138849854 0.0143488456372 
162 97 Car 0 0 4.616502260014883 0 0 0 0 2.0011305809 1.53736162186 4.53833341599 36.21711730957031 -3.825594425201414 0.03874618583358824 0.0135746647084 
163 97 Car 0 0 4.616955700842313 0 0 0 0 2.0011305809 1.53736162186 4.53833341599 36.60780334472656 -3.8226237297058083 0.038830030942335725 0.0128328411867 
164 97 Car 0 0 4.617593099443632 0 0 0 0 2.0011305809 1.53736162186 4.53833341599 36.99993133544922 -3.819867134094236 0.038902472937479615 0.0123016737073 
165 97 Car 0 0 4.618241499859549 0 0 0 0 2.0011305809 1.53736162186 4.53833341599 37.393409729003906 -3.817104339599607 0.03896491997875273 0.0118019315287 
166 97 Car 0 0 4.619064423512169 0 0 0 0 2.0011305809 1.53736162186 4.53833341599 37.7882080078125 -3.814453124999998 0.03901805751956999 0.0114997959031 
167 97 Car 0 0 4.619855524527788 0 0 0 0 2.0011305809 1.53736162186 4.53833341599 38.18424987792969 -3.8118085861206032 0.03906330117024481 0.0111858092106 
168 97 Car 0 0 4.620759699935584 0 0 0 0 2.0011305809 1.53736162186 4.53833341599 38.581504821777344 -3.8092641830444314 0.03910141088999808 0.0110068447853 
169 97 Car 0 0 4.621609158740818 0 0 0 0 2.0011305809 1.53736162186 4.53833341599 38.97991180419922 -3.806715965270994 0.03913353034295142 0.0107920608434 
170 97 Car 0 0 4.622557868961969 0 0 0 0 2.0011305809 1.53736162186 4.53833341599 39.379486083984375 -3.8042144775390603 0.03916023322381079 0.0106961870441 
171 97 Car 0 0 4.623461601649948 0 0 0 0 2.0011305809 1.53736162186 4.53833341599 39.7801513671875 -3.8016767501831032 0.03918285318650305 0.0105726163696 
172 97 Car 0 0 4.624434487352072 0 0 0 0 2.0011305809 1.53736162186 4.53833341599 40.181922912597656 -3.7991857528686497 0.03920169570483267 0.010537063169 
173 97 Car 0 0 4.625350177540008 0 0 0 0 2.0011305809 1.53736162186 4.53833341599 40.58477783203125 -3.796665191650388 0.03921749093569815 0.0104608967618 
174 97 Car 0 0 4.6263139432939635 0 0 0 0 2.0011305809 1.53736162186 4.53833341599 40.988685607910156 -3.7941808700561497 0.0392306896392256 0.0104506435916 
175 97 Car 0 0 4.627225517523975 0 0 0 0 2.0011305809 1.53736162186 4.53833341599 41.39301300048828 -3.7916598320007298 0.03925689705647528 0.010405236695 
176 97 Car 0 0 4.628179107162859 0 0 0 0 2.0011305809 1.53736162186 4.53833341599 41.79682159423828 -3.7891683578491184 0.03930652537383139 0.0104220146099 
177 97 Car 0 0 4.629075889313318 0 0 0 0 2.0011305809 1.53736162186 4.53833341599 42.200439453125 -3.7866492271423313 0.0393561536911875 0.0103995108987 
178 97 Car 0 0 4.630002257639992 0 0 0 0 2.0011305809 1.53736162186 4.53833341599 42.603546142578125 -3.784159660339353 0.03940883674658835 0.0104256098774 
179 97 Car 0 0 4.630870554842128 0 0 0 0 2.0011305809 1.53736162186 4.53833341599 43.006507873535156 -3.7816424369811985 0.03945091017521918 0.010410030385 
180 97 Car 0 0 4.631765700371631 0 0 0 0 2.0011305809 1.53736162186 4.53833341599 43.40892028808594 -3.779148101806638 0.03949222364462912 0.0104391919989 
181 97 Car 0 0 4.632607606101338 0 0 0 0 2.0011305809 1.53736162186 4.53833341599 43.811195373535156 -3.7766261100769016 0.039520722115412354 0.0104305367254 
182 97 Car 0 0 4.633469361804921 0 0 0 0 2.0011305809 1.53736162186 4.53833341599 44.212921142578125 -3.7741260528564426 0.03954986506141722 0.0104586330749 
183 97 Car 0 0 4.63428271303017 0 0 0 0 2.0011305809 1.53736162186 4.53833341599 44.614532470703125 -3.7716021537780735 0.03956680395640433 0.0104529072786 
184 97 Car 0 0 4.635110000762911 0 0 0 0 2.0011305809 1.53736162186 4.53833341599 45.01557159423828 -3.7690992355346653 0.03958675288595259 0.0104771420445 
185 97 Car 0 0 4.635894896829843 0 0 0 0 2.0011305809 1.53736162186 4.53833341599 45.41181182861328 -3.766610145568845 0.03971527167595923 0.0104820688925 
186 97 Car 0 0 4.636673959818962 0 0 0 0 2.0011305809 1.53736162186 4.53833341599 45.79429626464844 -3.7642259597778294 0.04006740474142134 0.0105213505186 
187 97 Car 0 0 4.637403876688911 0 0 0 0 2.0011305809 1.53736162186 4.53833341599 46.16477966308594 -3.7619018554687473 0.040465239668264985 0.0105459847587 
188 97 Car 0 0 4.638113929302108 0 0 0 0 2.0011305809 1.53736162186 4.53833341599 46.524192810058594 -3.759652614593503 0.040832977974787354 0.0105826032236 
189 97 Car 0 0 4.638776316774949 0 0 0 0 2.0011305809 1.53736162186 4.53833341599 46.87421417236328 -3.75744819641113 0.04111808561719954 0.0105987153482 
190 97 Car 0 0 4.639419547899324 0 0 0 0 2.0011305809 1.53736162186 4.53833341599 47.215301513671875 -3.7553014755248992 0.041327819461002946 0.0106213522175 
191 97 Car 0 0 4.64002614747981 0 0 0 0 2.0011305809 1.53736162186 4.53833341599 47.549346923828125 -3.7531895637512176 0.041441001230850816 0.0106285427525 
192 97 Car 0 0 4.6406147969224545 0 0 0 0 2.0011305809 1.53736162186 4.53833341599 47.876182556152344 -3.751124858856198 0.04149864264763892 0.0106387959226 
193 97 Car 0 0 4.641172888747365 0 0 0 0 2.0011305809 1.53736162186 4.53833341599 48.19786071777344 -3.749084949493405 0.04147899546660483 0.0106350674971 
194 97 Car 0 0 4.641731925232498 0 0 0 0 2.0011305809 1.53736162186 4.53833341599 48.513771057128906 -3.7470955848693817 0.04143447824753821 0.0106498480412 
195 97 Car 0 0 4.6422166040659025 0 0 0 0 2.0011305809 1.53736162186 4.53833341599 48.82600402832031 -3.745091438293454 0.041335981572046876 0.0106027100899 
196 97 Car 0 0 4.642866399620773 0 0 0 0 2.0011305809 1.53736162186 4.53833341599 49.133636474609375 -3.743227481842038 0.04123763763345778 0.010737332883 
197 97 Car 0 0 4.643072355082922 0 0 0 0 2.0011305809 1.53736162186 4.53833341599 49.43853759765625 -3.741112709045407 0.041108243400231004 0.0104335993607 
198 97 Car 0 0 4.643964330678516 0 0 0 0 2.0011305809 1.53736162186 4.53833341599 49.7386474609375 -3.739459991455075 0.04101924621500075 0.0108385330044 
1138 97 Car 0 0 -4.47610544830101 0 0 0 0 2.0011305809 1.53736162186 4.53833341599 48.190574645996094 11.251400470733646 0.03904136666096747 -3.13045531391 
1139 97 Car 0 0 -4.475064682905495 0 0 0 0 2.0011305809 1.53736162186 4.53833341599 47.900779724121094 11.249271869659427 0.03879211493767798 -3.13071151001 
1140 97 Car 0 0 -4.473498043651034 0 0 0 0 2.0011305809 1.53736162186 4.53833341599 47.606590270996094 11.247415065765384 0.038641013437882066 -3.13048287763 
1141 97 Car 0 0 -4.47243921605104 0 0 0 0 2.0011305809 1.53736162186 4.53833341599 47.310951232910156 11.245233058929447 0.03861637064255774 -3.13077822219 
1142 97 Car 0 0 -4.4706127462856635 0 0 0 0 2.0011305809 1.53736162186 4.53833341599 47.01665496826172 11.243522167205814 0.038717381889000535 -3.13032508533 
1143 97 Car 0 0 -4.469902675431591 0 0 0 0 2.0011305809 1.53736162186 4.53833341599 46.72642517089844 11.241157054901127 0.03893222683109343 -3.13097170085 
1144 97 Car 0 0 -4.467787196520404 0 0 0 0 2.0011305809 1.53736162186 4.53833341599 46.442169189453125 11.239706516265873 0.03922592126764357 -3.13021815942 
1145 97 Car 0 0 -4.467220204473291 0 0 0 0 2.0011305809 1.53736162186 4.53833341599 46.16438293457031 11.237349987030033 0.03954437025822699 -3.13097822559 
1146 97 Car 0 0 -4.465091067482868 0 0 0 0 2.0011305809 1.53736162186 4.53833341599 45.892601013183594 11.236006259918216 0.039838027441874146 -3.13018194043 
1147 97 Car 0 0 -4.464534876474288 0 0 0 0 2.0011305809 1.53736162186 4.53833341599 45.625518798828125 11.233724117279056 0.0400650764349848 -3.13093028869 
1148 97 Car 0 0 -4.462497369588242 0 0 0 0 2.0011305809 1.53736162186 4.53833341599 45.361053466796875 11.232368946075443 0.040192373329773545 -3.13021762678 
1149 97 Car 0 0 -4.461794911220105 0 0 0 0 2.0011305809 1.53736162186 4.53833341599 45.096771240234375 11.230185031890873 0.04020439111627638 -3.13083641226 
1150 97 Car 0 0 -4.459911984853531 0 0 0 0 2.0011305809 1.53736162186 4.53833341599 44.83000946044922 11.228685855865482 0.04009921872057021 -3.13031682953 
1151 97 Car 0 0 -4.459012811559082 0 0 0 0 2.0011305809 1.53736162186 4.53833341599 44.55962371826172 11.226542949676517 0.03992099710740149 -3.13080205749 
1152 97 Car 0 0 -4.457029270623643 0 0 0 0 2.0011305809 1.53736162186 4.53833341599 44.28754425048828 11.225037097930912 0.03976859920658171 -3.13024146208 
1153 97 Car 0 0 -4.4563178053846 0 0 0 0 2.0011305809 1.53736162186 4.53833341599 44.017295837402344 11.222759723663334 0.03971958183683455 -3.13094307186 
1154 97 Car 0 0 -4.454089753394519 0 0 0 0 2.0011305809 1.53736162186 4.53833341599 43.75145721435547 11.22145223617554 0.039781645173206925 -3.1301410609 
1155 97 Car 0 0 -4.453549545701164 0 0 0 0 2.0011305809 1.53736162186 4.53833341599 43.49156188964844 11.219149112701418 0.03992782556451857 -3.13098874508 
1156 97 Car 0 0 -4.450826841585652 0 0 0 0 2.0011305809 1.53736162186 4.53833341599 42.992523193359375 11.215765476226808 0.03992801555432379 -3.13099779983 
1157 97 Car 0 0 -4.449478762098622 0 0 0 0 2.0011305809 1.53736162186 4.53833341599 42.75068664550781 11.214202404022219 0.0397194663528353 -3.13099673456 
1158 97 Car 0 0 -4.448131365427714 0 0 0 0 2.0011305809 1.53736162186 4.53833341599 42.51206970214844 11.212677478790285 0.03963584848679602 -3.13099287298 
1159 97 Car 0 0 -4.446776740278051 0 0 0 0 2.0011305809 1.53736162186 4.53833341599 42.274330139160156 11.211160182952883 0.03957183682359755 -3.13099100876 
1160 97 Car 0 0 -4.445401056968901 0 0 0 0 2.0011305809 1.53736162186 4.53833341599 42.03484344482422 11.209630489349367 0.03946891822852194 -3.1309924735 
1161 97 Car 0 0 -4.44399325674145 0 0 0 0 2.0011305809 1.53736162186 4.53833341599 41.791748046875 11.208077907562258 0.0393137747887522 -3.13099766667 
1162 97 Car 0 0 -4.442543551976552 0 0 0 0 2.0011305809 1.53736162186 4.53833341599 41.543724060058594 11.206493854522707 0.03911502682603896 -3.13100552299 
1163 97 Car 0 0 -4.4410439524169 0 0 0 0 2.0011305809 1.53736162186 4.53833341599 41.289794921875 11.2048716545105 0.03931316384114325 -3.13101511037 
1164 97 Car 0 0 -4.4394893549724195 0 0 0 0 2.0011305809 1.53736162186 4.53833341599 41.029396057128906 11.20321035385132 0.03940597572363913 -3.13102629565 
1165 97 Car 0 0 -4.437880477982528 0 0 0 0 2.0011305809 1.53736162186 4.53833341599 40.763206481933594 11.20151472091675 0.039321288699284196 -3.13103734777 
1166 97 Car 0 0 -4.436224676701375 0 0 0 0 2.0011305809 1.53736162186 4.53833341599 40.49302673339844 11.199798107147219 0.03920318582095206 -3.1310461362 
1167 97 Car 0 0 -4.434544445955626 0 0 0 0 2.0011305809 1.53736162186 4.53833341599 40.223045349121094 11.19808626174927 0.03917907574214041 -3.13105013094 
1168 97 Car 0 0 -4.432838614888681 0 0 0 0 2.0011305809 1.53736162186 4.53833341599 39.95262908935547 11.196375370025637 0.039187621558085084 -3.13105252779 
1169 97 Car 0 0 -4.431110402482504 0 0 0 0 2.0011305809 1.53736162186 4.53833341599 39.68373107910156 11.194680690765383 0.03925731428898871 -3.1310445383 
1170 97 Car 0 0 -4.4275358504942535 0 0 0 0 2.0011305809 1.53736162186 4.53833341599 39.13994598388672 11.191262722015383 0.03926467918790877 -3.13101590932 
1171 97 Car 0 0 -4.42577297861869 0 0 0 0 2.0011305809 1.53736162186 4.53833341599 38.86212158203125 11.189457416534426 0.039175871992483735 -3.13109873363 
1172 97 Car 0 0 -4.423837635879577 0 0 0 0 2.0011305809 1.53736162186 4.53833341599 38.58018493652344 11.187699794769289 0.03907566168345511 -3.13106331359 
1173 97 Car 0 0 -4.421893656160412 0 0 0 0 2.0011305809 1.53736162186 4.53833341599 38.29115295410156 11.185861110687258 0.0389121996704489 -3.13109300783 
1174 97 Car 0 0 -4.419864564916037 0 0 0 0 2.0011305809 1.53736162186 4.53833341599 37.996498107910156 11.184001445770265 0.038765412056818604 -3.1311048589 
1175 97 Car 0 0 -4.417761061880514 0 0 0 0 2.0011305809 1.53736162186 4.53833341599 37.6949462890625 11.182100772857668 0.03861221321858466 -3.13112057155 
1176 97 Car 0 0 -4.415600315704229 0 0 0 0 2.0011305809 1.53736162186 4.53833341599 37.39057159423828 11.18018960952759 0.03856056206859648 -3.13113095788 
1177 97 Car 0 0 -4.413390795964208 0 0 0 0 2.0011305809 1.53736162186 4.53833341599 37.084495544433594 11.17827367782593 0.03858577483333647 -3.1311378821 
1178 97 Car 0 0 -4.411153911674165 0 0 0 0 2.0011305809 1.53736162186 4.53833341599 36.78089141845703 11.176382541656496 0.03873970010317862 -3.13113322157 
1179 97 Car 0 0 -4.408915589250723 0 0 0 0 2.0011305809 1.53736162186 4.53833341599 36.479148864746094 11.174493312835695 0.038927689427509904 -3.13114693685 
1180 97 Car 0 0 -4.406577861865394 0 0 0 0 2.0011305809 1.53736162186 4.53833341599 36.18059539794922 11.172677516937258 0.03914573439396918 -3.13107263465 
1181 97 Car 0 0 -4.40446541735705 0 0 0 0 2.0011305809 1.53736162186 4.53833341599 35.88207244873047 11.170701503753664 0.03929035016335547 -3.13125372961 
1182 97 Car 0 0 -4.401875335517718 0 0 0 0 2.0011305809 1.53736162186 4.53833341599 35.584373474121094 11.169005870819094 0.03940498107112944 -3.13099287298 
1183 97 Car 0 0 -4.399732332455878 0 0 0 0 2.0011305809 1.53736162186 4.53833341599 35.28447723388672 11.16698980331421 0.03942580916918814 -3.13122456799 
1184 97 Car 0 0 -4.397168589591702 0 0 0 0 2.0011305809 1.53736162186 4.53833341599 34.98213195800781 11.165179729461672 0.0393927360419184 -3.131098201 
1185 97 Car 0 0 -4.394702186900586 0 0 0 0 2.0011305809 1.53736162186 4.53833341599 34.673606872558594 11.163219928741457 0.039253693306818604 -3.13115585844 
1186 97 Car 0 0 -4.3920994866816585 0 0 0 0 2.0011305809 1.53736162186 4.53833341599 34.359649658203125 11.161260128021242 0.03909225412644446 -3.13116478003 
1187 97 Car 0 0 -4.389396744957359 0 0 0 0 2.0011305809 1.53736162186 4.53833341599 34.03813934326172 11.159252643585207 0.038885880494490266 -3.1311816911 
1188 97 Car 0 0 -4.386591314470799 0 0 0 0 2.0011305809 1.53736162186 4.53833341599 33.71026611328125 11.157211780548097 0.038702316815033555 -3.1311982027 
1189 97 Car 0 0 -4.383691098475049 0 0 0 0 2.0011305809 1.53736162186 4.53833341599 33.377784729003906 11.15514898300171 0.0385910423938185 -3.13121085271 
1190 97 Car 0 0 -4.380746624240737 0 0 0 0 2.0011305809 1.53736162186 4.53833341599 33.04731750488281 11.153109073638918 0.03866325342096388 -3.13121418166 
1191 97 Car 0 0 -4.377736229275639 0 0 0 0 2.0011305809 1.53736162186 4.53833341599 32.71550750732422 11.151064395904543 0.03874614485539496 -3.13121751062 
1192 97 Car 0 0 -4.374685163804616 0 0 0 0 2.0011305809 1.53736162186 4.53833341599 32.38566589355469 11.149034023284914 0.03890136652626097 -3.1312172443 
1193 97 Car 0 0 -4.3715663075475035 0 0 0 0 2.0011305809 1.53736162186 4.53833341599 32.05443572998047 11.146995067596437 0.03900474333204329 -3.13121857588 
1194 97 Car 0 0 -4.368405386000058 0 0 0 0 2.0011305809 1.53736162186 4.53833341599 31.725135803222656 11.14496946334839 0.03914783545769751 -3.13121737746 
1195 97 Car 0 0 -4.365173575566304 0 0 0 0 2.0011305809 1.53736162186 4.53833341599 31.394432067871094 11.14293432235718 0.03922374569810927 -3.13121817641 
1196 97 Car 0 0 -4.361897965228984 0 0 0 0 2.0011305809 1.53736162186 4.53833341599 31.065673828125 11.140912532806398 0.03933445014990866 -3.13121684482 
1197 97 Car 0 0 -4.3585478732619976 0 0 0 0 2.0011305809 1.53736162186 4.53833341599 30.735511779785156 11.138881206512453 0.03937786095775664 -3.13121751062 
1198 97 Car 0 0 -4.355151863571944 0 0 0 0 2.0011305809 1.53736162186 4.53833341599 30.40729522705078 11.136861324310305 0.03945926600135863 -3.13121631219 
1199 97 Car 0 0 -4.35162649266618 0 0 0 0 2.0011305809 1.53736162186 4.53833341599 30.072044372558594 11.134793758392336 0.03933818661607802 -3.13122589957 
1200 97 Car 0 0 -4.34791746627746 0 0 0 0 2.0011305809 1.53736162186 4.53833341599 29.72522735595703 11.132648944854738 0.03904731594957411 -3.13124747118 
1201 97 Car 0 0 -4.344023897901065 0 0 0 0 2.0011305809 1.53736162186 4.53833341599 29.368690490722656 11.130449771881105 0.038736343616619706 -3.13126984173 
1202 97 Car 0 0 -4.339979944733388 0 0 0 0 2.0011305809 1.53736162186 4.53833341599 29.006675720214844 11.128226757049562 0.03853538283146918 -3.13128848386 
1203 97 Car 0 0 -4.33579707858444 0 0 0 0 2.0011305809 1.53736162186 4.53833341599 28.640975952148438 11.125992298126222 0.03844409831799567 -3.13130086756 
1204 97 Car 0 0 -4.331501490618669 0 0 0 0 2.0011305809 1.53736162186 4.53833341599 28.2740478515625 11.123756885528566 0.03846817114390433 -3.13130965599 
1205 97 Car 0 0 -4.3270790673703745 0 0 0 0 2.0011305809 1.53736162186 4.53833341599 27.904983520507812 11.121513843536379 0.03852622979320586 -3.13131578126 
1206 97 Car 0 0 -4.322524631781018 0 0 0 0 2.0011305809 1.53736162186 4.53833341599 27.533432006835938 11.119258403778078 0.03858806588687003 -3.13132337127 
1207 97 Car 0 0 -4.317803985651855 0 0 0 0 2.0011305809 1.53736162186 4.53833341599 27.157066345214844 11.116974353790285 0.0385958852712065 -3.13133335812 
1208 97 Car 0 0 -4.3129033337978875 0 0 0 0 2.0011305809 1.53736162186 4.53833341599 26.775421142578125 11.114660739898683 0.038567312294617295 -3.1313461413 
1209 97 Car 0 0 -4.307793157341037 0 0 0 0 2.0011305809 1.53736162186 4.53833341599 26.386978149414062 11.112309932708742 0.03848911100067198 -3.13136158763 
1210 97 Car 0 0 -4.302460918362573 0 0 0 0 2.0011305809 1.53736162186 4.53833341599 25.99169158935547 11.10992193222046 0.038392372662201524 -3.13137903134 
1211 97 Car 0 0 -4.296879634879721 0 0 0 0 2.0011305809 1.53736162186 4.53833341599 25.58850860595703 11.107491970062258 0.03827232145704329 -3.13139847241 
1212 97 Car 0 0 -4.291036922311264 0 0 0 0 2.0011305809 1.53736162186 4.53833341599 25.177589416503906 11.105022907257082 0.03815517225302756 -3.13141951138 
1213 97 Car 0 0 -4.284921234446747 0 0 0 0 2.0011305809 1.53736162186 4.53833341599 24.75933074951172 11.102517604827883 0.038059193873777986 -3.13143988457 
1214 97 Car 0 0 -4.278551806459087 0 0 0 0 2.0011305809 1.53736162186 4.53833341599 24.336212158203125 11.099993228912355 0.03803706937469542 -3.13145679564 
1215 97 Car 0 0 -4.271953457843953 0 0 0 0 2.0011305809 1.53736162186 4.53833341599 23.91077423095703 11.097466945648195 0.03810764127410948 -3.13146877986 
1216 97 Car 0 0 -4.265153937156473 0 0 0 0 2.0011305809 1.53736162186 4.53833341599 23.485519409179688 11.094949245452883 0.03827277966775 -3.13147383987 
1217 97 Car 0 0 -4.258175656358323 0 0 0 0 2.0011305809 1.53736162186 4.53833341599 23.06218719482422 11.092450618743898 0.038507271790876985 -3.13147330724 
1218 97 Car 0 0 -4.251039182091007 0 0 0 0 2.0011305809 1.53736162186 4.53833341599 22.642189025878906 11.089975833892824 0.03878738381899893 -3.13146904618 
1219 97 Car 0 0 -4.243756753750589 0 0 0 0 2.0011305809 1.53736162186 4.53833341599 22.226417541503906 11.087526798248293 0.03908573114313185 -3.1314610567 
1220 97 Car 0 0 -4.2363413895559425 0 0 0 0 2.0011305809 1.53736162186 4.53833341599 21.815643310546875 11.085106372833254 0.039384842151775956 -3.13145053721 
1221 97 Car 0 0 -4.228801153783588 0 0 0 0 2.0011305809 1.53736162186 4.53833341599 21.410316467285156 11.082715511322023 0.03966895886696875 -3.13143802035 
1222 97 Car 0 0 -4.221144245270123 0 0 0 0 2.0011305809 1.53736162186 4.53833341599 21.0108642578125 11.080356121063234 0.03993129753507674 -3.13142350613 
1223 97 Car 0 0 -4.213377304795419 0 0 0 0 2.0011305809 1.53736162186 4.53833341599 20.617469787597656 11.078028202056887 0.04016479500569403 -3.13140912506 
1224 97 Car 0 0 -4.205505984768221 0 0 0 0 2.0011305809 1.53736162186 4.53833341599 20.230377197265625 11.07573175430298 0.04036994674243033 -3.1313940782 
1225 97 Car 0 0 -4.1975331074871525 0 0 0 0 2.0011305809 1.53736162186 4.53833341599 19.849624633789062 11.073468685150148 0.04054382094182074 -3.13137836554 
1226 97 Car 0 0 -4.189462689386139 0 0 0 0 2.0011305809 1.53736162186 4.53833341599 19.4752197265625 11.071237087249758 0.040689084911718965 -3.13136331868 
1227 97 Car 0 0 -4.181278689254479 0 0 0 0 2.0011305809 1.53736162186 4.53833341599 19.106307983398438 11.069032192230226 0.04078544699586928 -3.13134933709 
1228 97 Car 0 0 -4.172950060477025 0 0 0 0 2.0011305809 1.53736162186 4.53833341599 18.741409301757812 11.06684446334839 0.04081695550121367 -3.13133815181 
1229 97 Car 0 0 -4.164408319088935 0 0 0 0 2.0011305809 1.53736162186 4.53833341599 18.377593994140625 11.064655780792238 0.04074569442309439 -3.13133229286 
1230 97 Car 0 0 -4.155633452608346 0 0 0 0 2.0011305809 1.53736162186 4.53833341599 18.014450073242188 11.062465190887453 0.04062404506839812 -3.13132923022 
1231 97 Car 0 0 -4.146591247246062 0 0 0 0 2.0011305809 1.53736162186 4.53833341599 17.650985717773438 11.060270786285402 0.04046405875124037 -3.13132843127 
1232 97 Car 0 0 -4.137306269707148 0 0 0 0 2.0011305809 1.53736162186 4.53833341599 17.288681030273438 11.058083057403566 0.040332488948479295 -3.13132709969 
1233 97 Car 0 0 -4.127725500651625 0 0 0 0 2.0011305809 1.53736162186 4.53833341599 16.925765991210938 11.055889606475832 0.04018588759936392 -3.13132763233 
1234 97 Car 0 0 -4.117887046842699 0 0 0 0 2.0011305809 1.53736162186 4.53833341599 16.564208984375 11.053705692291262 0.040089413756504655 -3.13132656706 
1235 97 Car 0 0 -4.1077256870205865 0 0 0 0 2.0011305809 1.53736162186 4.53833341599 16.201904296875 11.051515102386476 0.03997825481928885 -3.13132670022 
1236 97 Car 0 0 -4.0972894485598115 0 0 0 0 2.0011305809 1.53736162186 4.53833341599 15.841033935546875 11.049335002899172 0.03991836332716048 -3.13132616759 
1237 97 Car 0 0 -4.086503198406636 0 0 0 0 2.0011305809 1.53736162186 4.53833341599 15.479339599609375 11.047148227691652 0.03983940207399428 -3.13132670022 
1238 97 Car 0 0 -4.075420353682209 0 0 0 0 2.0011305809 1.53736162186 4.53833341599 15.119110107421875 11.044971942901613 0.03980781533755362 -3.13132563496 
1239 97 Car 0 0 -4.063960739178332 0 0 0 0 2.0011305809 1.53736162186 4.53833341599 14.758041381835938 11.042788028717043 0.03975208126939833 -3.13132603443 
1240 97 Car 0 0 -4.05244050574766 0 0 0 0 2.0011305809 1.53736162186 4.53833341599 14.4066162109375 11.040671825408936 0.03993419581092894 -3.13131231915 
1241 97 Car 0 0 -4.0409397944140535 0 0 0 0 2.0011305809 1.53736162186 4.53833341599 14.0665283203125 11.038624286651611 0.04024158441461623 -3.13129034807 
1242 97 Car 0 0 -4.029420647152398 0 0 0 0 2.0011305809 1.53736162186 4.53833341599 13.735824584960938 11.03662919998169 0.04054298275150359 -3.13126890962 
1243 97 Car 0 0 -4.017754287271734 0 0 0 0 2.0011305809 1.53736162186 4.53833341599 13.410369873046875 11.034657001495361 0.040724981809034944 -3.13125226487 
1244 97 Car 0 0 -4.005893954233419 0 0 0 0 2.0011305809 1.53736162186 4.53833341599 13.088729858398438 11.032698154449463 0.0407987202052027 -3.13124241117 
1245 97 Car 0 0 -3.993692436303605 0 0 0 0 2.0011305809 1.53736162186 4.53833341599 12.767242431640625 11.030736446380615 0.04073242121376097 -3.13123255748 
1246 97 Car 0 0 -3.9812011518029595 0 0 0 0 2.0011305809 1.53736162186 4.53833341599 12.446884155273438 11.028764247894287 0.04062484600581229 -3.13124600644 
1247 97 Car 0 0 -3.9683227443714557 0 0 0 0 2.0011305809 1.53736162186 4.53833341599 12.1278076171875 11.026841640472412 0.04051212244667113 -3.13118981374 
1248 97 Car 0 0 -3.9554744875667005 0 0 0 0 2.0011305809 1.53736162186 4.53833341599 11.81341552734375 11.024817943572998 0.040480308467522264 -3.13133815181 
1249 97 Car 0 0 -3.9419381159567903 0 0 0 0 2.0011305809 1.53736162186 4.53833341599 11.50360107421875 11.023132801055908 0.04049049341119826 -3.13099220719 
1250 97 Car 0 0 -3.9291929241107417 0 0 0 0 2.0011305809 1.53736162186 4.53833341599 11.20135498046875 11.020975589752197 0.040586777264252305 -3.13145573037 
1251 97 Car 0 0 -3.9153481010687203 0 0 0 0 2.0011305809 1.53736162186 4.53833341599 10.906112670898438 11.019507884979248 0.04070575558580458 -3.13089952918 
1252 97 Car 0 0 -3.902726522070675 0 0 0 0 2.0011305809 1.53736162186 4.53833341599 10.620254516601562 11.017380237579346 0.04087920882739127 -3.13145759459 
1253 97 Car 0 0 -3.8889141083705794 0 0 0 0 2.0011305809 1.53736162186 4.53833341599 10.342544555664062 11.016065120697021 0.04103866615332663 -3.1308172375 
1254 97 Car 0 0 -3.8765911873772474 0 0 0 0 2.0011305809 1.53736162186 4.53833341599 10.075393676757812 11.013994693756104 0.04123066016472876 -3.13144734142 
1255 97 Car 0 0 -3.863011545954162 0 0 0 0 2.0011305809 1.53736162186 4.53833341599 9.817184448242188 11.01283884048462 0.04138977103866637 -3.13072882056 
1256 97 Car 0 0 -3.8511524634053567 0 0 0 0 2.0011305809 1.53736162186 4.53833341599 9.569854736328125 11.010852336883545 0.04116073646582663 -3.13143495772 
1257 97 Car 0 0 -3.838733276010208 0 0 0 0 2.0011305809 1.53736162186 4.53833341599 9.331375122070312 11.009423732757568 0.040939979488030076 -3.13142323981 
1258 97 Car 0 0 -3.8265528178970096 0 0 0 0 2.0011305809 1.53736162186 4.53833341599 9.102447509765625 11.00806474685669 0.040888898307457566 -3.13140766032 
1259 97 Car 0 0 -3.814644768208823 0 0 0 0 2.0011305809 1.53736162186 4.53833341599 8.883102416992188 11.006763935089111 0.04092819266952574 -3.1313924803 
1260 97 Car 0 0 -3.803029826383634 0 0 0 0 2.0011305809 1.53736162186 4.53833341599 8.6732177734375 11.005517482757568 0.041008185828104615 -3.13137796607 
1261 97 Car 0 0 -3.791728305246131 0 0 0 0 2.0011305809 1.53736162186 4.53833341599 8.472702026367188 11.004323482513428 0.041099813068285584 -3.13136318553 
1262 97 Car 0 0 -3.780748118843529 0 0 0 0 2.0011305809 1.53736162186 4.53833341599 8.281219482421875 11.00318193435669 0.04118297644890845 -3.13134986972 
1263 97 Car 0 0 -3.770084952752882 0 0 0 0 2.0011305809 1.53736162186 4.53833341599 8.098297119140625 11.002088069915771 0.041245229775086045 -3.13133721971 
1264 97 Car 0 0 -3.7597401529043397 0 0 0 0 2.0011305809 1.53736162186 4.53833341599 7.923568725585937 11.001040935516357 0.04128234856761992 -3.13132616759 
1265 97 Car 0 0 -3.7497067941957143 0 0 0 0 2.0011305809 1.53736162186 4.53833341599 7.756591796874999 11.000037670135498 0.04129463084973395 -3.13131578126 
1266 97 Car 0 0 -3.7399815630535302 0 0 0 0 2.0011305809 1.53736162186 4.53833341599 7.597000122070312 10.999077320098877 0.04128501960076392 -3.13130619388 
1267 97 Car 0 0 -3.730561611599566 0 0 0 0 2.0011305809 1.53736162186 4.53833341599 7.444458007812499 10.998157978057861 0.04125705757178366 -3.13129780492 
1268 97 Car 0 0 -3.7214424796259777 0 0 0 0 2.0011305809 1.53736162186 4.53833341599 7.298645019531249 10.997275829315186 0.04121455946005881 -3.1312899486 
1269 97 Car 0 0 -3.712618378261872 0 0 0 0 2.0011305809 1.53736162186 4.53833341599 7.159240722656249 10.996432781219482 0.041161231929436326 -3.13128235859 
1270 97 Car 0 0 -3.7040850990474894 0 0 0 0 2.0011305809 1.53736162186 4.53833341599 7.025955200195312 10.995625019073486 0.041100081289187074 -3.13127556753 
1271 97 Car 0 0 -3.695908803797244 0 0 0 0 2.0011305809 1.53736162186 4.53833341599 6.899627685546874 10.994859218597412 0.04105796688236296 -3.13126851015 
1272 97 Car 0 0 -3.6880314912829144 0 0 0 0 2.0011305809 1.53736162186 4.53833341599 6.779144287109374 10.994127750396729 0.04100246378220618 -3.13126238488 
1273 97 Car 0 0 -3.6802770667204947 0 0 0 0 2.0011305809 1.53736162186 4.53833341599 6.661636352539062 10.993411540985107 0.04088371270336211 -3.13125998803 
1274 97 Car 0 0 -3.672397241504171 0 0 0 0 2.0011305809 1.53736162186 4.53833341599 6.543319702148437 10.992688655853271 0.04066371941007674 -3.13126078698 
1275 97 Car 0 0 -3.6641767964244507 0 0 0 0 2.0011305809 1.53736162186 4.53833341599 6.421035766601562 10.991939067840576 0.040342636639252305 -3.13126464857 
1276 97 Car 0 0 -3.655469519450463 0 0 0 0 2.0011305809 1.53736162186 4.53833341599 6.292770385742187 10.991152286529541 0.03995284833945334 -3.13127090699 
1277 97 Car 0 0 -3.6461726865937014 0 0 0 0 2.0011305809 1.53736162186 4.53833341599 6.157226562499999 10.990321636199951 0.03953063883818686 -3.13127889648 
1278 97 Car 0 0 -3.6362068053460814 0 0 0 0 2.0011305809 1.53736162186 4.53833341599 6.013504028320312 10.989441394805908 0.03910663374699652 -3.13128795123 
1279 97 Car 0 0 -3.625507778369024 0 0 0 0 2.0011305809 1.53736162186 4.53833341599 5.860961914062499 10.988507747650146 0.03870254405774176 -3.1312982044 
1280 97 Car 0 0 -3.6140342158466123 0 0 0 0 2.0011305809 1.53736162186 4.53833341599 5.699325561523437 10.987520694732666 0.038336713099852204 -3.13130952283 
1281 97 Car 0 0 -3.6018323617683836 0 0 0 0 2.0011305809 1.53736162186 4.53833341599 5.529586791992187 10.986485958099365 0.03804180049337447 -3.13131964284 
1282 97 Car 0 0 -3.5890647077720024 0 0 0 0 2.0011305809 1.53736162186 4.53833341599 5.354263305664062 10.98542070388794 0.03785892226733267 -3.13132789864 
1283 97 Car 0 0 -3.575946437209457 0 0 0 0 2.0011305809 1.53736162186 4.53833341599 5.176483154296874 10.984344005584717 0.03781104856170714 -3.13133176023 
1284 97 Car 0 0 -3.562657802943556 0 0 0 0 2.0011305809 1.53736162186 4.53833341599 4.998703002929687 10.983270168304443 0.037886046105995774 -3.13133229286 
1285 97 Car 0 0 -3.5492636959555193 0 0 0 0 2.0011305809 1.53736162186 4.53833341599 4.821716308593749 10.982201099395752 0.03803539299406111 -3.13133229286 
1286 97 Car 0 0 -3.5356957815044505 0 0 0 0 2.0011305809 1.53736162186 4.53833341599 4.644577026367187 10.981131076812744 0.038194198394194245 -3.13133229286 
1287 97 Car 0 0 -3.5217956242340707 0 0 0 0 2.0011305809 1.53736162186 4.53833341599 4.465194702148437 10.98004674911499 0.03830470913089812 -3.13133508918 
1288 97 Car 0 0 -3.5073910123966763 0 0 0 0 2.0011305809 1.53736162186 4.53833341599 4.281433105468749 10.97893476486206 0.038340032333508134 -3.13134054866 
1289 97 Car 0 0 -3.495279104354262 0 0 0 0 2.0011305809 1.53736162186 4.53833341599 4.092422485351562 10.983200550079346 0.03831394040025771 -3.13438547389 
1290 97 Car 0 0 -3.485768124467138 0 0 0 0 2.0011305809 1.53736162186 4.53833341599 3.8972625732421866 10.99258279800415 0.038236655527725816 -3.14083618268 
1291 97 Car 0 0 -3.472673133840387 0 0 0 0 2.0011305809 1.53736162186 4.53833341599 3.6945648193359366 10.997022151947021 0.038117636227980256 -3.14433784004 
1292 97 Car 0 0 -3.456308460281693 0 0 0 0 2.0011305809 1.53736162186 4.53833341599 3.483734130859374 10.99916124343872 0.037973404163494706 -3.14535490126 
1293 97 Car 0 0 -3.4384403163204 0 0 0 0 2.0011305809 1.53736162186 4.53833341599 3.2656097412109366 11.00107717514038 0.03784301527775824 -3.14565876794 
1294 97 Car 0 0 -3.419757736028644 0 0 0 0 2.0011305809 1.53736162186 4.53833341599 3.0425872802734366 11.00298261642456 0.03777782269753516 -3.145753177 
1295 97 Car 0 0 -3.4006553122905343 0 0 0 0 2.0011305809 1.53736162186 4.53833341599 2.817626953124999 11.00488805770874 0.03780971490778029 -3.14578340388 
1296 97 Car 0 0 -3.3814080777703057 0 0 0 0 2.0011305809 1.53736162186 4.53833341599 2.5933685302734366 11.006782054901123 0.03794239112176001 -3.14579072757 
1297 97 Car 0 0 -3.362221281449247 0 0 0 0 2.0011305809 1.53736162186 4.53833341599 2.3718414306640616 11.008650302886963 0.0381584542337805 -3.14579046126 
1298 97 Car 0 0 -3.343232256438103 0 0 0 0 2.0011305809 1.53736162186 4.53833341599 2.1543731689453116 11.010485172271729 0.038427733117714524 -3.14578566757 
1299 97 Car 0 0 -3.324464170396985 0 0 0 0 2.0011305809 1.53736162186 4.53833341599 1.9409637451171868 11.012281894683838 0.03870483138598502 -3.14577940914 
1300 97 Car 0 0 -3.305819534471594 0 0 0 0 2.0011305809 1.53736162186 4.53833341599 1.7302551269531243 11.014055728912354 0.03893726342357695 -3.14577568071 
1301 97 Car 0 0 -3.2871261178335818 0 0 0 0 2.0011305809 1.53736162186 4.53833341599 1.5201416015624993 11.015821933746338 0.03908675932325423 -3.1457738165 
1302 97 Car 0 0 -3.268362307012151 0 0 0 0 2.0011305809 1.53736162186 4.53833341599 1.3102416992187493 11.017585277557373 0.03917590924538672 -3.14577328387 
1303 97 Car 0 0 -3.249688711246976 0 0 0 0 2.0011305809 1.53736162186 4.53833341599 1.1022338867187493 11.019334316253662 0.03925910987891257 -3.14577088702 
1304 97 Car 0 0 -3.228309322943931 0 0 0 0 2.0011305809 1.53736162186 4.53833341599 0.8979949951171868 11.015638828277588 0.03937362530268729 -3.14274700076 
1305 97 Car 0 0 -3.2039300451827373 0 0 0 0 2.0011305809 1.53736162186 4.53833341599 0.6979064941406243 11.006889820098877 0.03949642204679549 -3.13638630682 
1306 97 Car 0 0 -3.182697288841007 0 0 0 0 2.0011305809 1.53736162186 4.53833341599 0.5003204345703118 11.003188610076904 0.03957721614278853 -3.13303591701 
1307 97 Car 0 0 -3.1641404929390147 0 0 0 0 2.0011305809 1.53736162186 4.53833341599 0.30557250976562433 11.001800060272217 0.03964496427215636 -3.13215068226 
1308 97 Car 0 0 -3.1465969409019934 0 0 0 0 2.0011305809 1.53736162186 4.53833341599 0.11497497558593682 11.000672817230225 0.03972507291473448 -3.13192351462 
